
ret:67.68195783762236
mtx:[[2.46256803e+04 0.00000000e+00 3.04386565e+02]
 [0.00000000e+00 4.03027525e+04 2.40896360e+02]
 [0.00000000e+00 0.00000000e+00 1.00000000e+00]]
dist:[[-1.35173965e+03  9.61921967e+00 -5.66791204e-01  8.21422499e-01
  -1.44665758e+00]]
rvecs:(array([[ 1.28338965],
       [ 1.05568453],
       [-1.12539293]]), array([[ 1.28406338],
       [ 1.05516945],
       [-1.12622592]]), array([[ 1.2855889 ],
       [ 1.05382584],
       [-1.12797506]]), array([[ 1.28734473],
       [ 1.05236372],
       [-1.12991808]]), array([[ 1.28913499],
       [ 1.05075874],
       [-1.13210068]]), array([[ 1.29103169],
       [ 1.04921929],
       [-1.13445486]]), array([[ 1.29284489],
       [ 1.04765711],
       [-1.13676113]]), array([[ 1.29430491],
       [ 1.04637288],
       [-1.13858939]]), array([[ 1.29542472],
       [ 1.04540737],
       [-1.13990717]]), array([[ 1.29598027],
       [ 1.04490489],
       [-1.14077664]]))
tvecs:(array([[-1.71714358e+00],
       [ 4.83391263e-02],
       [ 2.70414214e+02]]), array([[-1.74510710e+00],
       [ 5.70321632e-02],
       [ 2.69910644e+02]]), array([[-1.77875775e+00],
       [ 6.86330853e-02],
       [ 2.69420550e+02]]), array([[-1.81377914e+00],
       [ 8.24208327e-02],
       [ 2.69054320e+02]]), array([[-1.84311092e+00],
       [ 9.84662458e-02],
       [ 2.68633762e+02]]), array([[-1.86217843e+00],
       [ 1.16825050e-01],
       [ 2.68309960e+02]]), array([[-1.87138230e+00],
       [ 1.36676333e-01],
       [ 2.68101030e+02]]), array([[-1.87254373e+00],
       [ 1.56065011e-01],
       [ 2.67840379e+02]]), array([[-1.86802901e+00],
       [ 1.73242302e-01],
       [ 2.67714895e+02]]), array([[-1.85665999e+00],
       [ 1.87194105e-01],
       [ 2.67534652e+02]]))