
1 1422 72 2

2 1537 72 3

3 1607 72 5

4 1764 72 1

5 1816 72 4

6 1856 72 2

7 2095 72 2

8 2143 72 4

9 2118 72 2

10 2247 72 2

11 2379 72 4

12 2142 72 3

13 2304 72 3

14 2551 72 4

15 2403 72 4

16 2535 72 4

17 2598 72 6

18 2635 72 3

19 2400 72 4

20 1811 72 4

21 2585 72 5

22 2232 72 3

23 2293 72 5

24 2574 72 6

25 2447 72 7

26 2487 72 4

27 2563 72 5

28 2240 72 3

29 2618 72 7

30 2500 72 6

31 2578 72 6

32 2489 72 8

33 2570 72 7

34 2614 72 6

35 2482 72 2

36 2443 72 4

37 2338 72 2

38 2543 72 3

39 2243 72 3

40 2542 72 3

41 2555 72 4

42 2559 72 5

43 2561 72 5

44 2517 72 3

45 2508 72 4

46 2562 72 5

47 2491 72 2

48 2557 72 3

49 2521 72 5

50 2420 72 3

51 2477 72 3

52 2447 72 4

53 2572 72 0

54 2493 72 4

55 2536 72 4

56 2557 72 1

57 2550 72 4

58 2463 72 5

59 2532 72 5

60 2499 72 4

61 2447 72 3

62 2543 72 5

63 2520 72 1

64 2505 72 1

65 2569 72 2

66 2409 72 2

67 2375 72 2

68 2280 72 3

69 2432 72 2

70 2439 72 3

71 2427 72 3

72 2440 72 5

73 2447 72 4

74 2361 72 3

75 2354 72 4

76 2035 72 2

77 2339 72 5

78 2313 72 4

79 2415 72 5

80 2284 72 6

81 2220 72 3

82 2337 72 5

83 2329 72 5

84 2310 72 1

85 2385 72 5

86 2358 72 0

87 2371 72 4

88 2416 72 3

89 2015 72 0

90 2133 72 4

91 2340 72 1

92 2067 72 3

93 2314 72 4

94 2455 72 4

95 2211 72 3

96 2363 72 4

97 2449 72 3

98 2425 72 3

99 2444 72 4

100 2415 72 5

101 2263 72 5

102 2365 72 5

103 2217 72 5

104 2312 72 3

105 2459 72 5

106 2458 72 4

107 2425 72 3

108 2213 72 4

109 2467 72 3

110 2499 72 2

111 2487 72 3

112 2556 72 4

113 2489 72 4

114 2334 72 5

115 2345 72 2

116 2486 72 2

117 2448 72 3

118 2502 72 5

119 2594 72 5

120 2553 72 3

121 2569 72 3

122 2566 72 4

123 2599 72 4

124 2524 72 5

125 2425 72 4

126 2358 72 5

127 2524 72 3

128 2440 72 4

129 2683 72 3

130 2621 72 4

131 2551 72 3

132 2328 72 4

133 2645 72 5

134 2680 72 6

135 2543 72 4

136 2663 72 3

137 2659 72 4

138 2653 72 7

139 2493 72 2

140 2718 72 4

141 2735 72 5

142 2803 72 4

143 2757 72 6

144 2698 72 5

145 2711 72 6

146 2801 72 4

147 2516 72 3

148 2767 72 6

149 2305 72 2

150 2486 72 2

151 2619 72 6

152 2729 72 3

153 2705 72 6

154 2304 72 2

155 2538 72 5

156 2877 72 5

157 2879 72 5

158 2129 72 3

159 2728 72 6

160 2309 72 2

161 2078 72 1

162 2957 72 5

163 2612 72 5

164 2434 72 3

165 2787 72 7

166 2949 72 7

167 2182 72 2

168 2831 72 6

169 2146 72 3

170 2741 72 5

171 2960 72 8

172 2684 72 7

173 2933 72 9

174 2563 72 4

175 2964 72 5

176 2903 72 6

177 2735 72 7

178 3006 72 8

179 3040 72 7

180 3062 72 10

181 3170 72 9

182 3018 72 8

183 2936 72 7

184 3151 72 9

185 3083 72 6

186 3247 72 6

187 3177 72 13

188 3083 72 12

189 3228 72 13

190 3221 72 12

191 3013 72 11

192 3197 72 14

193 2817 72 13

194 3324 72 17

195 3318 72 15

196 3373 72 17

197 3315 72 22

198 3196 72 14

199 3210 72 16

200 3372 72 16

201 3339 72 18

202 3344 72 19

203 3260 72 14

204 3380 72 18

205 3357 72 19

206 3268 72 20

207 3395 72 23

208 3354 72 24

209 3261 72 22

210 3277 72 27

211 3238 72 25

212 3422 72 23

213 3424 72 25

214 3428 72 28

215 3155 72 24

216 3391 72 35

217 3292 72 33

218 3265 72 39

219 3259 72 38

220 3258 72 37

221 3338 72 33

222 3297 72 27

223 3368 72 22

224 3433 72 32

225 3364 72 25

226 3343 72 25

227 3166 72 26

228 3198 72 24

229 3217 72 21

230 3245 72 25

231 3214 72 23

232 3334 72 22

233 3139 72 21

234 3258 72 21

235 2983 72 25

236 3276 72 23

237 3258 72 21

238 3203 72 23

239 3210 72 21

240 3241 72 16

241 3041 72 18

242 3188 72 15

243 3162 72 19

244 3159 72 21

245 3178 72 19

246 3098 72 16

247 3130 72 19

248 3007 72 11

249 3098 72 16

250 2866 72 18

251 2986 72 20

252 2963 72 16

253 2844 72 18

254 3068 72 12

255 3013 72 16

256 3004 72 18

257 3062 72 16

258 2980 72 15

259 3039 72 18

260 3097 72 18

261 3048 72 17

262 2984 72 17

263 2974 72 16

264 2905 72 15

265 2906 72 13

266 2962 72 14

267 2825 72 13

268 2883 72 17

269 2977 72 12

270 2904 72 14

271 2964 72 11

272 2860 72 15

273 2974 72 14

274 2946 72 14

275 2935 72 13

276 2986 72 13

277 3018 72 13

278 2981 72 16

279 3006 72 8

280 3016 72 10

281 2996 72 10

282 3017 72 7

283 2958 72 10

284 2946 72 11

285 2970 72 10

286 2888 72 13

287 2973 72 11

288 2954 72 14

289 3034 72 10

290 2989 72 13

291 2981 72 13

292 2975 72 10

293 2854 72 9

294 2933 72 11

295 2958 72 11

296 2942 72 9

297 2923 72 12

298 2939 72 10

299 2928 72 11

300 3011 72 10

301 2927 72 9

302 3024 72 6

303 2944 72 8

304 2926 72 6

305 2960 72 6

306 2940 72 6

307 2887 72 8

308 2973 72 8

309 2954 72 7

310 2925 72 4

311 2929 72 8

312 2929 72 5

313 2999 72 8

314 2888 72 6

315 2937 72 8

316 2915 72 4

317 2940 72 5

318 2962 72 6

319 2874 72 6

320 2885 72 9

321 2880 72 9

322 2936 72 7

323 2905 72 6

324 2909 72 6

325 2922 72 6

326 2846 72 6

327 2850 72 7

328 2914 72 6

329 2860 72 9

330 2851 72 7

331 2816 72 6

332 2861 72 6

333 2865 72 8

334 2884 72 7

335 2859 72 7

336 2904 72 6

337 2910 72 8

338 2844 72 8

339 2874 72 8

340 2891 72 8

341 2883 72 5

342 2794 72 7

343 2868 72 8

344 2904 72 7

345 2872 72 9

346 2874 72 7

347 2900 72 7

348 2858 72 8

349 2913 72 5

350 2879 72 7

351 2895 72 7

352 2924 72 7

353 2937 72 5

354 2926 72 6

355 2928 72 8

356 2941 72 8

357 2910 72 8

358 2919 72 8

359 2855 72 7

360 2880 72 6

361 2893 72 6

362 2897 72 8

363 2968 72 8

364 2880 72 6

365 2877 72 6

366 2894 72 7

367 2910 72 7

368 2873 72 8

369 2916 72 5

370 2857 72 8

371 2928 72 5

372 2926 72 5

373 2963 72 6

374 2862 72 7

375 2922 72 5

376 2909 72 5

377 2953 72 5

378 2905 72 7

379 2937 72 6

380 2889 72 6

381 2946 72 7

382 2933 72 8

383 2933 72 8

384 2927 72 7

385 2932 72 6

386 2997 72 6

387 2879 72 5

388 2969 72 5

389 2891 72 6

390 2896 72 6

391 2933 72 5

392 2923 72 6

393 2936 72 7

394 2930 72 6

395 2930 72 5

396 2942 72 7

397 2949 72 5

398 2898 72 6

399 2930 72 7

400 2962 72 6

401 2871 72 6

402 2943 72 7

403 2884 72 5

404 2973 72 6

405 2863 72 5

406 2904 72 4

407 2854 72 6

408 2858 72 6

409 2852 72 6

410 2851 72 7

411 2849 72 5

412 2860 72 5

413 2840 72 5

414 2853 72 7

415 2777 72 5

416 2772 72 6

417 2802 72 7

418 2746 72 8

419 2741 72 6

420 2795 72 5

421 2781 72 5

422 2777 72 5

423 2817 72 5

424 2784 72 5

425 2766 72 7

426 2763 72 5

427 2744 72 6

428 2792 72 5

429 2727 72 5

430 2787 72 6

431 2818 72 6

432 2793 72 6

433 2817 72 5

434 2805 72 5

435 2879 72 5

436 2884 72 6

437 2843 72 3

438 2903 72 3

439 2911 72 5

440 2887 72 5

441 2860 72 6

442 2857 72 4

443 2934 72 4

444 2875 72 5

445 2865 72 6

446 2847 72 4

447 2912 72 4

448 2907 72 5

449 2901 72 7

450 2939 72 5

451 2864 72 4

452 2865 72 4

453 2901 72 4

454 2872 72 6

455 2851 72 4

456 2872 72 6

457 2918 72 6

458 2925 72 4

459 2905 72 3

460 2899 72 5

461 2896 72 5

462 2893 72 4

463 2880 72 5

464 2905 72 4

465 2904 72 4

466 2869 72 5

467 2890 72 4

468 2863 72 5

469 2911 72 4

470 2905 72 4

471 2904 72 4

472 2914 72 6

473 2901 72 3

474 2936 72 6

475 2871 72 6

476 2869 72 4

477 2881 72 4

478 2878 72 4

479 2916 72 5

480 2881 72 5

481 2875 72 6

482 2883 72 4

483 2840 72 5

484 2843 72 5

485 2909 72 6

486 2893 72 4

487 2948 72 6

488 2861 72 6

489 2878 72 4

490 2875 72 6

491 2892 72 4

492 2902 72 4

493 2875 72 5

494 2918 72 2

495 2899 72 2

496 2908 72 2

497 2956 72 2

498 2919 72 2

499 2948 72 2

500 2901 72 3

501 2950 72 3

502 2927 72 2

503 2921 72 2

504 2918 72 2

505 2935 72 2

506 2971 72 4

507 2888 72 4

508 2937 72 2

509 2991 72 5

510 2949 72 5

511 2949 72 4

512 2859 72 5

513 2961 72 5

514 2900 72 5

515 2895 72 4

516 2909 72 4

517 2928 72 3

518 2961 72 3

519 2979 72 3

520 2936 72 5

521 2988 72 4

522 2908 72 5

523 2977 72 4

524 3000 72 3

525 2975 72 4

526 2931 72 3

527 2956 72 6

528 2972 72 7

529 2901 72 6

530 2962 72 3

531 2996 72 4

532 2984 72 4

533 2949 72 2

534 2957 72 4

535 2958 72 6

536 3008 72 6

537 2968 72 6

538 2940 72 4

539 2958 72 3

540 2931 72 3

541 2936 72 5

542 3043 72 5

543 2944 72 6

544 2961 72 6

545 3028 72 3

546 2941 72 3

547 3013 72 4

548 3045 72 5

549 3022 72 5

550 3014 72 5

551 3026 72 6

552 3021 72 5

553 2937 72 8

554 2999 72 8

555 3023 72 7

556 3048 72 6

557 3078 72 8

558 3019 72 6

559 3029 72 6

560 3034 72 8

561 3011 72 6

562 3139 72 7

563 3121 72 6

564 3091 72 7

565 3100 72 6

566 3105 72 6

567 3152 72 4

568 3172 72 6

569 3138 72 5

570 3126 72 8

571 3093 72 7

572 3117 72 9

573 3182 72 6

574 3186 72 6

575 3250 72 8

576 3094 72 8

577 3056 72 7

578 3149 72 6

579 3103 72 8

580 3052 72 8

581 3090 72 7

582 3121 72 9

583 3087 72 8

584 3045 72 10

585 3110 72 10

586 3117 72 12

587 3078 72 13

588 3135 72 10

589 2969 72 10

590 3103 72 9

591 3003 72 4

592 3016 72 9

593 3034 72 9

594 3016 72 5

595 2839 72 11

596 2904 72 8

597 2980 72 6

598 2943 72 11

599 2981 72 7

600 2910 72 8

601 2847 72 9

602 2905 72 9

603 2954 72 11

604 2893 72 10

605 2969 72 10

606 2956 72 12

607 2898 72 10

608 2923 72 10

609 2916 72 8

610 2288 72 4

611 2047 72 8

612 2642 72 9

613 2257 72 10

614 2232 72 5

615 1788 72 5

616 2538 72 9

617 2332 72 4

618 2028 72 5

619 2840 72 11

620 2648 72 9

621 2335 72 6

622 2877 72 12

623 2656 72 12

624 2264 72 4

625 2814 72 8

626 2611 72 11

627 2847 72 9

628 2702 72 10

629 2890 72 9

630 2887 72 6

631 2782 72 6

632 2854 72 9

633 2785 72 9

634 2573 72 7

635 2732 72 5

636 2823 72 8

637 2885 72 6

638 2857 72 9

639 2804 72 11

640 2828 72 7

641 2720 72 8

642 2734 72 8

643 2759 72 9

644 2653 72 7

645 2724 72 7

646 2747 72 10

647 2767 72 9

648 2626 72 7

649 2700 72 8

650 2263 72 8

651 2672 72 8

652 2724 72 11

653 2222 72 9

654 2430 72 5

655 2611 72 8

656 2523 72 6

657 2457 72 5

658 1967 72 1

659 2509 72 6

660 2473 72 9

661 2596 72 8

662 2223 72 8

663 2199 72 6

664 1720 72 4

665 2499 72 6

666 1279 72 2

667 2489 72 7

668 2536 72 8

669 2533 72 7

670 2063 72 7

671 2370 72 6

672 1775 72 6

673 2080 72 7
