
2 2 2 0 2

3 2 2 0 2

4 2 2 0 2

5 4 4 0 4

6 0 0 0 0

7 2 2 0 2

8 2 2 0 2

9 1 1 0 1

10 4 4 0 4

11 1 1 0 1

12 1 1 0 1

13 4 4 0 4

14 3 3 0 3

15 2 2 0 2

16 3 3 0 3

17 3 3 0 3

18 2 2 0 2

19 5 5 0 5

20 0 0 0 0

21 3 3 0 3

22 2 2 0 2

23 4 4 0 4

24 3 3 0 3

25 4 4 0 4

26 5 5 0 5

27 6 6 0 6

28 4 4 0 4

29 4 4 0 4

30 2 2 0 2

31 5 5 0 5

32 3 3 0 3

33 5 5 0 5

34 5 5 0 5

35 5 5 0 5

36 4 4 0 4

37 2 2 0 2

38 3 3 0 3

39 2 2 0 2

40 3 3 0 3

41 3 3 0 3

42 2 2 0 2

43 3 3 0 3

44 2 2 0 2

45 4 4 0 4

46 3 3 0 3

47 4 4 0 4

48 3 3 0 3

49 2 2 0 2

50 2 2 0 2

51 4 4 0 4

52 3 3 0 3

53 3 3 0 3

54 3 3 0 3

55 0 0 0 0

56 3 3 0 3

57 3 3 0 3

58 1 1 0 1

59 4 4 0 4

60 4 4 0 4

61 4 4 0 4

62 3 3 0 3

63 3 3 0 3

64 5 5 0 5

65 1 1 0 1

66 1 1 0 1

67 2 2 0 2

68 2 2 0 2

69 2 2 0 2

70 3 3 0 3

71 2 2 0 2

72 3 3 0 3

73 3 3 0 3

74 4 4 0 4

75 3 3 0 3

76 3 3 0 3

77 4 4 0 4

78 2 2 0 2

79 4 4 0 4

80 4 4 0 4

81 4 4 0 4

82 6 6 0 6

83 2 2 0 2

84 4 4 0 4

85 4 4 0 4

86 1 1 0 1

87 4 4 0 4

88 0 0 0 0

89 4 4 0 4

90 3 3 0 3

91 0 0 0 0

92 4 4 0 4

93 1 1 0 1

94 3 3 0 3

95 3 3 0 3

96 4 4 0 4

97 3 3 0 3

98 5 5 0 5

99 3 3 0 3

100 3 3 0 3

101 3 3 0 3

102 4 4 0 4

103 5 5 0 5

104 4 4 0 4

105 5 5 0 5

106 3 3 0 3

107 4 4 0 4

108 3 3 0 3

109 3 3 0 3

110 4 4 0 4

111 3 3 0 3

112 2 2 0 2

113 3 3 0 3

114 4 4 0 4

115 3 3 0 3

116 5 5 0 5

117 2 2 0 2

118 1 1 0 1

119 3 3 0 3

120 4 4 0 4

121 4 4 0 4

122 3 3 0 3

123 3 3 0 3

124 4 4 0 4

125 4 4 0 4

126 4 4 0 4

127 3 3 0 3

128 4 4 0 4

129 3 3 0 3

130 3 3 0 3

131 3 3 0 3

132 3 3 0 3

133 3 3 0 3

134 3 3 0 3

135 3 3 0 3

136 5 5 0 5

137 3 3 0 3

138 3 3 0 3

139 3 3 0 3

140 4 4 0 4

141 2 2 0 2

142 4 4 0 4

143 3 3 0 3

144 3 3 0 3

145 5 5 0 5

146 4 4 0 4

147 5 5 0 5

148 3 3 0 3

149 2 2 0 2

150 5 5 0 5

151 2 2 0 2

152 2 2 0 2

153 4 4 0 4

154 3 3 1 2

155 5 5 0 6

156 2 2 0 2

157 4 4 0 4

158 5 5 0 5

159 4 4 0 4

160 3 3 0 3

161 3 3 0 3

162 2 2 0 2

163 1 1 0 1

164 5 5 0 5

165 4 4 0 4

166 3 3 0 3

167 6 6 0 6

168 7 7 0 7

169 1 1 0 1

170 4 4 0 4

171 3 3 0 3

172 3 3 0 3

173 10 10 0 10

174 6 6 0 6

175 7 7 0 7

176 4 4 0 4

177 6 6 0 6

178 5 5 0 5

179 8 8 0 8

180 8 8 0 8

181 9 9 0 9

182 8 8 0 8

183 11 11 0 11

184 11 11 0 11

185 8 8 0 8

186 11 11 0 11

187 9 9 0 9

188 9 9 0 9

189 14 14 0 14

190 13 13 0 13

191 12 12 0 12

192 15 15 0 15

193 13 13 0 13

194 14 14 0 14

195 11 11 0 11

196 16 16 0 16

197 14 14 0 14

198 16 16 0 16

199 26 26 0 26

200 17 17 0 17

201 18 18 0 18

202 16 16 0 16

203 14 14 0 14

204 19 19 0 19

205 16 16 0 16

206 20 20 0 20

207 20 20 0 20

208 18 18 0 18

209 24 24 0 24

210 21 21 0 21

211 23 23 0 23

212 24 24 0 24

213 24 24 0 24

214 22 22 0 22

215 21 21 0 21

216 24 24 0 24

217 28 28 0 28

218 30 30 0 30

219 30 30 0 30

220 39 39 0 39

221 34 34 0 34

222 36 36 0 36

223 23 23 0 23

224 24 24 0 24

225 20 20 0 20

226 20 20 0 20

227 20 20 0 20

228 21 21 0 21

229 23 23 0 23

230 19 19 0 19

231 20 20 0 20

232 19 19 0 19

233 20 20 0 20

234 16 16 0 16

235 19 19 0 19

236 20 20 0 20

237 21 21 0 21

238 20 20 0 20

239 23 23 0 23

240 21 21 0 21

241 18 18 0 18

242 17 17 0 17

243 16 16 0 16

244 13 13 0 13

245 16 16 0 16

246 18 18 0 18

247 17 17 0 17

248 15 15 0 15

249 15 15 0 15

250 9 9 0 9

251 13 13 0 13

252 12 12 0 12

253 15 15 0 15

254 11 11 0 11

255 13 13 0 13

256 8 8 0 8

257 11 11 0 11

258 12 12 0 12

259 10 10 0 10

260 11 11 3 8

261 10 10 0 13

262 10 10 2 8

263 10 10 0 12

264 14 14 2 12

265 11 11 0 13

266 9 9 2 7

267 7 7 0 9

268 9 9 0 9

269 8 8 0 8

270 10 10 0 10

271 7 7 0 7

272 9 9 0 9

273 6 6 0 6

274 9 9 0 9

275 10 10 0 10

276 9 9 0 9

277 8 8 0 8

278 7 7 0 7

279 8 8 0 8

280 9 9 0 9

281 6 6 0 6

282 8 8 0 8

283 7 7 1 6

284 5 5 0 6

285 6 6 0 6

286 6 6 0 6

287 7 7 0 7

288 7 7 0 7

289 8 8 0 8

290 7 7 0 7

291 8 8 0 8

292 7 7 0 7

293 7 7 0 7

294 6 6 0 6

295 5 5 0 5

296 7 7 0 7

297 6 6 0 6

298 5 5 0 5

299 3 3 0 3

300 4 4 0 4

301 3 3 0 3

302 3 3 0 3

303 3 3 0 3

304 1 1 0 1

305 3 3 0 3

306 3 3 0 3

307 4 4 0 4

308 3 3 0 3

309 3 3 0 3

310 5 5 0 5

311 4 4 0 4

312 3 3 0 3

313 5 5 0 5

314 5 5 0 5

315 4 4 0 4

316 4 4 0 4

317 4 4 0 4

318 3 3 0 3

319 4 4 0 4

320 3 3 0 3

321 2 2 0 2

322 4 4 0 4

323 3 3 0 3

324 3 3 0 3

325 3 3 0 3

326 5 5 0 5

327 4 4 0 4

328 3 3 0 3

329 3 3 0 3

330 3 3 0 3

331 4 4 0 4

332 3 3 0 3

333 4 4 0 4

334 3 3 0 3

335 3 3 0 3

336 3 3 0 3

337 3 3 0 3

338 3 3 0 3

339 4 4 0 4

340 3 3 0 3

341 2 2 0 2

342 4 4 0 4

343 3 3 0 3

344 5 5 0 5

345 3 3 0 3

346 3 3 0 3

347 5 5 0 5

348 3 3 0 3

349 4 4 0 4

350 5 5 0 5

351 3 3 0 3

352 4 4 0 4

353 2 2 0 2

354 3 3 0 3

355 4 4 0 4

356 3 3 0 3

357 3 3 0 3

358 3 3 0 3

359 2 2 0 2

360 3 3 0 3

361 3 3 0 3

362 4 4 0 4

363 3 3 0 3

364 3 3 0 3

365 3 3 0 3

366 3 3 0 3

367 3 3 0 3

368 3 3 0 3

369 3 3 0 3

370 3 3 0 3

371 3 3 0 3

372 4 4 0 4

373 3 3 0 3

374 3 3 0 3

375 3 3 0 3

376 2 2 0 2

377 3 3 0 3

378 3 3 0 3

379 3 3 0 3

380 3 3 0 3

381 4 4 0 4

382 3 3 0 3

383 3 3 0 3

384 2 2 0 2

385 3 3 0 3

386 3 3 0 3

387 4 4 0 4

388 3 3 0 3

389 4 4 0 4

390 2 2 0 2

391 4 4 0 4

392 3 3 0 3

393 3 3 0 3

394 3 3 0 3

395 3 3 0 3

396 3 3 0 3

397 4 4 0 4

398 4 4 0 4

399 3 3 0 3

400 3 3 0 3

401 3 3 0 3

402 3 3 0 3

403 4 4 0 4

404 3 3 0 3

405 3 3 0 3

406 2 2 0 2

407 3 3 0 3

408 3 3 0 3

409 3 3 0 3

410 4 4 0 4

411 4 4 0 4

412 4 4 0 4

413 3 3 0 3

414 4 4 0 4

415 3 3 0 3

416 3 3 0 3

417 3 3 0 3

418 4 4 0 4

419 4 4 0 4

420 4 4 0 4

421 4 4 0 4

422 3 3 0 3

423 4 4 0 4

424 3 3 0 3

425 4 4 0 4

426 4 4 0 4

427 4 4 0 4

428 4 4 0 4

429 3 3 0 3

430 4 4 0 4

431 2 2 0 2

432 2 2 0 2

433 4 4 0 4

434 3 3 0 3

435 3 3 0 3

436 2 2 0 2

437 2 2 0 2

438 4 4 0 4

439 1 1 0 1

440 2 2 0 2

441 1 1 0 1

442 3 3 0 3

443 2 2 0 2

444 2 2 0 2

445 2 2 0 2

446 2 2 0 2

447 2 2 0 2

448 2 2 0 2

449 2 2 0 2

450 1 1 0 1

451 2 2 0 2

452 2 2 0 2

453 2 2 0 2

454 2 2 0 2

455 2 2 0 2

456 1 1 0 1

457 2 2 0 2

458 4 4 0 4

459 2 2 0 2

460 2 2 0 2

461 1 1 0 1

462 3 3 0 3

463 2 2 0 2

464 3 3 0 3

465 2 2 0 2

466 2 2 0 2

467 1 1 0 1

468 4 4 0 4

469 2 2 0 2

470 2 2 0 2

471 2 2 0 2

472 3 3 0 3

473 3 3 0 3

474 2 2 0 2

475 2 2 0 2

476 2 2 0 2

477 3 3 0 3

478 3 3 0 3

479 1 1 21 -20

480 -19 -19 44 -42

481 -42 -42 0 2

482 2 2 0 2

483 1 1 0 1

484 1 1 0 1

485 2 2 0 2

486 2 2 0 2

487 2 2 0 2

488 2 2 0 2

489 2 2 0 2

490 2 2 0 2

491 3 3 0 3

492 2 2 0 2

493 2 2 0 2

494 2 2 0 2

495 2 2 384 -382

496 -383 -383 0 1

497 1 1 0 1

498 1 1 0 1

499 1 1 0 1

500 1 1 0 1

501 1 1 0 1

502 1 1 0 1

503 2 2 0 2

504 2 2 0 2

505 1 1 0 1

506 1 1 0 1

507 1 1 0 1

508 3 3 0 3

509 3 3 0 3

510 2 2 0 2

511 3 3 0 3

512 3 3 0 3

513 3 3 0 3

514 3 3 0 3

515 3 3 0 3

516 3 3 0 3

517 3 3 0 3

518 3 3 0 3

519 3 3 0 3

520 3 3 0 3

521 1 1 0 1

522 3 3 0 3

523 3 3 0 3

524 4 4 0 4

525 2 2 0 2

526 3 3 0 3

527 3 3 0 3

528 2 2 0 2

529 3 3 0 3

530 4 4 0 4

531 3 3 0 3

532 3 3 0 3

533 1 1 0 1

534 2 2 0 2

535 2 2 0 2

536 2 2 0 2

537 3 3 0 3

538 3 3 0 3

539 3 3 2 1

540 0 0 0 2

541 3 3 0 3

542 2 2 0 2

543 3 3 0 3

544 3 3 0 3

545 4 4 0 4

546 4 4 0 4

547 3 3 0 3

548 3 3 0 3

549 3 3 0 3

550 3 3 0 3

551 3 3 0 3

552 3 3 0 3

553 4 4 0 4

554 2 2 0 2

555 6 6 0 6

556 6 6 0 6

557 4 4 0 4

558 3 3 0 3

559 5 5 0 5

560 4 4 0 4

561 4 4 0 4

562 4 4 0 4

563 4 4 0 4

564 5 5 0 5

565 4 4 0 4

566 5 5 0 5

567 4 4 0 4

568 4 4 0 4

569 3 3 0 3

570 5 5 0 5

571 5 5 0 5

572 6 6 0 6

573 7 7 0 7

574 7 7 0 7

575 5 5 0 5

576 7 7 0 7

577 7 7 0 7

578 7 7 0 7

579 4 4 0 4

580 3 3 0 3

581 5 5 0 5

582 6 6 0 6

583 5 5 0 5

584 8 8 0 8

585 6 6 0 6

586 9 9 0 9

587 9 9 0 9

588 10 10 0 10

589 12 12 0 12

590 10 10 0 10

591 9 9 0 9

592 7 7 0 7

593 4 4 0 4

594 9 9 0 9

595 8 8 1 7

596 4 4 0 5

597 10 10 0 10

598 9 9 0 9

599 7 7 0 7

600 8 8 0 8

601 7 7 0 7

602 9 9 0 9

603 8 8 0 8

604 9 9 0 9

605 9 9 0 9

606 9 9 0 9

607 10 10 0 10

608 11 11 0 11

609 7 7 0 7

610 7 7 0 7

611 7 7 0 7

612 3 3 0 3

613 6 6 2 4

614 8 8 0 10

615 10 10 0 10

616 5 5 0 5

617 5 5 0 5

618 8 8 0 8

619 4 4 0 4

620 6 6 0 6

621 9 9 0 9

622 9 9 0 9

623 5 5 0 5

624 10 10 0 10

625 10 10 0 10

626 3 3 0 3

627 6 6 0 6

628 10 10 0 10

629 8 8 0 8

630 9 9 0 9

631 8 8 0 8

632 6 6 0 6

633 6 6 0 6

634 9 9 0 9

635 7 7 0 7

636 6 6 0 6

637 5 5 0 5

638 7 7 0 7

639 4 4 0 4

640 9 9 0 9

641 10 10 0 10

642 5 5 1 4

643 5 5 0 6

644 8 8 0 8

645 8 8 0 8

646 7 7 0 7

647 6 6 0 6

648 9 9 0 9

649 9 9 0 9

650 8 8 0 8

651 7 7 0 7

652 8 8 4 4

653 2 2 0 6

654 9 9 0 9

655 7 7 0 7

656 5 5 0 5

657 7 7 0 7

658 5 5 0 5

659 4 4 0 4

660 1 1 0 1

661 4 4 0 4

662 5 5 0 5

663 6 6 0 6

664 5 5 0 5

665 5 5 0 5

666 4 4 0 4

667 4 4 7 -3

668 -4 -4 4 -1

669 1 1 0 5

670 7 7 0 7

671 6 6 0 6

672 6 6 0 6

673 3 3 0 3

674 7 7 0 7
